      0/99     1.85G   0.09915   0.06403         0    0.1632        22       416         0         0  0.004384 0.0007575   0.08567   0.04257         0
      1/99     1.87G   0.09138   0.06601         0    0.1574        21       416         0         0  0.005572  0.001049   0.08429   0.04245         0
      2/99     1.87G   0.09118   0.06876         0    0.1599        27       416         0         0  0.005517  0.001052   0.08456    0.0423         0
      3/99     1.87G   0.08964   0.06834         0     0.158        29       416         0         0  0.005805  0.001115   0.08438   0.04228         0
      4/99     1.87G   0.08918   0.07082         0      0.16        28       416         0         0   0.00476 0.0009822   0.08461   0.04179         0
      5/99     1.87G    0.0892   0.06717         0    0.1564        19       416         0         0  0.005868  0.001014   0.08376   0.04208         0
      6/99     1.87G   0.08908   0.06841         0    0.1575        31       416         0         0    0.0154  0.002361   0.08316   0.04224         0
      7/99     1.87G    0.0891   0.06553         0    0.1546        23       416         0         0   0.01422  0.002665   0.08324   0.04199         0
      8/99     1.87G   0.08669    0.0701         0    0.1568        33       416         0         0   0.02299  0.003696   0.08211   0.04239         0
      9/99     1.87G   0.08604   0.07037         0    0.1564        24       416         0         0   0.01921  0.003987   0.08191   0.04115         0
     10/99     1.87G   0.08366   0.06796         0    0.1516        25       416         0         0   0.01302  0.002193   0.08443   0.03966         0
     11/99     1.87G   0.08106   0.06775         0    0.1488        23       416         0         0   0.01016  0.001885    0.0815   0.05074         0
     12/99     1.87G   0.07931   0.06857         0    0.1479        38       416    0.1387    0.0113   0.01331  0.002798   0.08097   0.05069         0
     13/99     1.87G   0.07783   0.07072         0    0.1486        24       416    0.1926   0.03955   0.04331  0.009206   0.07584   0.04333         0
     14/99     1.87G   0.07387   0.07027         0    0.1441        33       416   0.08032    0.2825   0.05022   0.01168    0.0773   0.04763         0
     15/99     1.87G   0.07305   0.06902         0    0.1421        40       416   0.07332    0.1582   0.04403   0.01061   0.07466   0.04555         0
     16/99     1.87G   0.07015   0.06881         0     0.139        38       416    0.1698    0.1751   0.08945   0.02296   0.07174   0.04164         0
     17/99     1.87G   0.06789   0.06812         0     0.136        28       416     0.079    0.5367    0.1143   0.02271   0.06802   0.04663         0
     18/99     1.87G   0.06576   0.06645         0    0.1322        26       416   0.07852    0.4859    0.1465   0.03603   0.06373   0.04898         0
     19/99     1.87G   0.06456   0.06436         0    0.1289        30       416   0.05435    0.2768   0.08946   0.02824   0.07008   0.04807         0
     20/99     1.87G   0.06271   0.06408         0    0.1268        28       416    0.1389    0.4294     0.212   0.05962    0.0641   0.04212         0
     21/99     1.87G   0.06028   0.06301         0    0.1233        22       416    0.2086    0.4124    0.2479   0.07111   0.06489   0.03984         0
     22/99     1.87G    0.0603   0.06233         0    0.1226        37       416    0.1237    0.5819    0.3112   0.09916    0.0602   0.04381         0
     23/99     1.87G   0.05827   0.06328         0    0.1216        30       416    0.1628    0.5537    0.3035   0.08757   0.06216   0.04013         0
     24/99     1.87G   0.05786   0.06075         0    0.1186        28       416    0.2384    0.5706    0.3916    0.1035   0.06185   0.03736         0
     25/99     1.87G   0.05725   0.05851         0    0.1158        23       416    0.2595    0.5424    0.3421    0.1016   0.05829   0.03718         0
     26/99     1.87G   0.05561   0.05983         0    0.1154        23       416    0.2286     0.548    0.3549    0.1076   0.05744   0.03855         0
     27/99     1.87G    0.0552   0.06125         0    0.1164        25       416    0.2547    0.5695     0.416    0.1245   0.05712   0.03638         0
     28/99     1.87G   0.05444   0.06106         0    0.1155        32       416     0.162    0.5763    0.3587    0.1055   0.05822   0.04058         0
     29/99     1.87G   0.05386   0.05895         0    0.1128        40       416    0.2989    0.6102    0.5039    0.1506   0.05757   0.03549         0
     30/99     1.87G   0.05263   0.05728         0    0.1099        25       416    0.1823     0.661     0.425    0.1284   0.05635   0.03819         0
     31/99     1.87G   0.05308    0.0571         0    0.1102        44       416    0.2033    0.6554    0.4763    0.1555   0.05446   0.03832         0
     32/99     1.87G   0.05061   0.05789         0    0.1085        25       416    0.2686     0.565     0.436    0.1434   0.05664    0.0364         0
     33/99     1.87G   0.05141   0.05705         0    0.1085        23       416    0.2022    0.6497    0.4872    0.1471   0.05719   0.03666         0
     34/99     1.87G   0.05051   0.05673         0    0.1072        42       416    0.3197    0.5819    0.4793    0.1634   0.05499   0.03548         0
     35/99     1.87G   0.05016   0.05682         0     0.107        45       416      0.21     0.548    0.4084    0.1384   0.05451   0.04013         0
     36/99     1.87G   0.05049   0.05574         0    0.1062        21       416    0.3099    0.6667    0.4943    0.1555   0.05442    0.0354         0
     37/99     1.87G   0.04911   0.05662         0    0.1057        30       416    0.2811    0.5932     0.496    0.1763   0.05378   0.03523         0
     38/99     1.87G   0.04877   0.05338         0    0.1021        24       416    0.3233    0.6836    0.5517    0.1854   0.05357   0.03429         0
     39/99     1.87G   0.04743   0.05503         0    0.1025        33       416    0.2433    0.6328    0.4603    0.1695   0.05425   0.03759         0
     40/99     1.87G   0.04753   0.05514         0    0.1027        29       416    0.3068    0.6554    0.5277    0.1634   0.05455   0.03548         0
     41/99     1.87G   0.04702   0.05527         0    0.1023        34       416    0.3459    0.6497    0.4906    0.1829   0.05346   0.03543         0
     42/99     1.87G   0.04803   0.05604         0    0.1041        35       416    0.2892    0.6102    0.5027    0.1718   0.05381   0.03622         0
     43/99     1.87G   0.04667   0.05319         0   0.09986        15       416    0.3395    0.5932    0.4916    0.1825   0.05475   0.03469         0
     44/99     1.87G   0.04625   0.05344         0   0.09968        28       416      0.35    0.6328    0.5226     0.188   0.05317   0.03587         0
     45/99     1.87G   0.04563   0.05525         0    0.1009        34       416    0.3869    0.6497    0.5187     0.193   0.05365   0.03421         0
     46/99     1.87G   0.04481   0.05394         0   0.09875        29       416    0.2973     0.661    0.5265    0.1996   0.05331   0.03538         0
     47/99     1.87G   0.04508   0.05181         0    0.0969        23       416    0.3368     0.678    0.5822    0.1975   0.05238   0.03406         0
     48/99     1.87G   0.04452   0.05262         0   0.09714        30       416    0.2989    0.6554     0.495    0.1923   0.05217   0.03566         0
     49/99     1.87G   0.04461   0.05062         0   0.09522        29       416    0.3345    0.6441     0.515    0.1718   0.05397   0.03348         0
     50/99     1.87G   0.04419   0.05189         0   0.09608        25       416    0.3071     0.661    0.5248    0.1874   0.05525   0.03476         0
     51/99     1.87G   0.04373    0.0516         0   0.09533        32       416      0.39    0.6158      0.52    0.1755   0.05543   0.03488         0
     52/99     1.87G   0.04347   0.05025         0   0.09372        31       416    0.3219    0.7062    0.5765    0.1992   0.05264   0.03557         0
     53/99     1.87G   0.04393   0.04943         0   0.09336        20       416    0.3659    0.6497    0.5387    0.1965   0.05349   0.03423         0
     54/99     1.87G   0.04318   0.05055         0   0.09374        15       416     0.365     0.604    0.5142    0.1926   0.05345   0.03481         0
     55/99     1.87G   0.04293   0.05123         0   0.09416        28       416     0.363    0.6836    0.5693    0.1957   0.05314    0.0329         0
     56/99     1.87G   0.04158    0.0502         0   0.09178        39       416    0.4862    0.6667    0.6027    0.2254   0.05265   0.03377         0
     57/99     1.87G   0.04229   0.05068         0   0.09297        32       416    0.5024    0.6497    0.5828    0.2291   0.05214   0.03345         0
     58/99     1.87G   0.04129   0.04954         0   0.09084        26       416     0.445    0.6723    0.5673      0.23    0.0526   0.03359         0
     59/99     1.87G   0.04189   0.04811         0      0.09        24       416    0.3519    0.6949    0.5634    0.2164   0.05112   0.03475         0
     60/99     1.87G   0.04097    0.0488         0   0.08977        43       416    0.4219    0.6836    0.5773    0.2072   0.05307   0.03323         0
     61/99     1.87G   0.04105   0.04842         0   0.08947        35       416    0.4745    0.6045    0.5501    0.2028   0.05498   0.03319         0
     62/99     1.87G   0.04158   0.04814         0   0.08972        34       416    0.4113    0.6497    0.5412    0.1937   0.05446   0.03343         0
     63/99     1.87G    0.0408   0.04806         0   0.08886        29       416    0.3166    0.6667     0.506    0.2007    0.0526   0.03521         0
     64/99     1.87G   0.04006    0.0474         0   0.08746        27       416    0.3295    0.6215    0.5152    0.1956    0.0532    0.0347         0
     65/99     1.87G    0.0397   0.04696         0   0.08666        26       416     0.378    0.6497    0.5502    0.2065    0.0539   0.03357         0
     66/99     1.87G   0.03977   0.04736         0   0.08713        32       416    0.4569    0.6271    0.5592    0.2029    0.0571    0.0322         0
     67/99     1.87G   0.03955   0.04679         0   0.08634        38       416    0.4711    0.6893    0.6179    0.2095   0.05563   0.03257         0
     68/99     1.87G   0.04032   0.04633         0   0.08664        23       416    0.3454     0.678    0.5244    0.2018   0.05286   0.03513         0
     69/99     1.87G   0.03834   0.04629         0   0.08462        29       416    0.4058    0.7175    0.6127    0.2385    0.0519   0.03365         0
     70/99     1.87G   0.03831   0.04569         0     0.084        21       416    0.3818     0.661    0.5619    0.2127   0.05286   0.03459         0
     71/99     1.87G   0.03859   0.04506         0   0.08365        34       416    0.4204     0.661    0.5738    0.2049    0.0565   0.03264         0
     72/99     1.87G   0.03835   0.04478         0   0.08313        23       416    0.4134    0.6497    0.5673    0.2098   0.05363   0.03328         0
     73/99     1.87G   0.03888   0.04672         0    0.0856        33       416    0.4219    0.6893    0.5728    0.2219   0.05402   0.03341         0
     74/99     1.87G   0.03787   0.04587         0   0.08375        29       416    0.3978    0.6949    0.6087    0.2263    0.0525   0.03236         0
     75/99     1.87G   0.03752   0.04358         0    0.0811        21       416    0.4229    0.7119    0.6037    0.2442   0.05212   0.03298         0
     76/99     1.87G   0.03807   0.04471         0   0.08278        26       416     0.451    0.6949    0.6102    0.2388   0.05341   0.03188         0
     77/99     1.87G    0.0371    0.0449         0     0.082        40       416    0.4566    0.6723    0.5987    0.2252   0.05401   0.03267         0
     78/99     1.87G   0.03718   0.04556         0   0.08275        35       416    0.4539     0.678    0.6147    0.2403    0.0529   0.03293         0
     79/99     1.87G   0.03667    0.0444         0   0.08107        35       416    0.4021    0.7119    0.6174    0.2373   0.05374   0.03203         0
     80/99     1.87G   0.03677   0.04362         0   0.08039        26       416    0.4603    0.6497    0.5903    0.2268    0.0553   0.03347         0
     81/99     1.87G   0.03729   0.04481         0    0.0821        34       416    0.4004    0.7401    0.6185    0.2434   0.05212   0.03395         0
     82/99     1.87G   0.03699   0.04459         0   0.08159        31       416    0.4796    0.6949    0.6032    0.2314   0.05457   0.03274         0
     83/99     1.87G   0.03583   0.04495         0   0.08079        29       416    0.4571    0.6836    0.5864    0.2335   0.05353   0.03298         0
     84/99     1.87G   0.03589   0.04265         0   0.07854        25       416    0.4863    0.6554    0.5968    0.2538   0.05408   0.03233         0
     85/99     1.87G   0.03567   0.04165         0   0.07733        24       416    0.4601    0.6554    0.5754    0.2227   0.05466   0.03286         0
     86/99     1.87G   0.03617   0.04252         0   0.07869        17       416    0.4694    0.6949     0.634     0.241    0.0536   0.03343         0
     87/99     1.87G   0.03538   0.04366         0   0.07903        28       416    0.4281     0.661    0.5925    0.2522   0.05306   0.03338         0
     88/99     1.87G   0.03539   0.04315         0   0.07854        33       416    0.4528    0.6836    0.5806    0.2285   0.05378   0.03288         0
     89/99     1.87G   0.03556   0.04358         0   0.07914        27       416     0.501    0.6949    0.6275    0.2429   0.05388   0.03257         0
     90/99     1.87G   0.03524   0.04343         0   0.07867        22       416    0.4815    0.6821      0.62    0.2308   0.05404   0.03311         0
     91/99     1.87G   0.03551   0.04272         0   0.07824        33       416     0.437    0.6893    0.6449    0.2395   0.05244   0.03298         0
     92/99     1.87G   0.03541   0.04168         0   0.07709        34       416     0.495    0.6949    0.6256    0.2321   0.05349   0.03292         0
     93/99     1.87G   0.03465   0.04202         0   0.07667        30       416    0.4917     0.661    0.6053    0.2436   0.05298   0.03298         0
     94/99     1.87G   0.03482   0.04173         0   0.07655        25       416    0.4913    0.6497    0.5949    0.2272   0.05475   0.03308         0
     95/99     1.87G   0.03501   0.04107         0   0.07608        29       416    0.4872    0.6949    0.5954    0.2369   0.05379   0.03319         0
     96/99     1.87G    0.0347   0.04131         0   0.07601        32       416       0.5    0.6667    0.6022    0.2266   0.05438   0.03381         0
     97/99     1.87G   0.03469   0.04074         0   0.07543        17       416    0.5179    0.6667    0.6191    0.2352   0.05338   0.03326         0
     98/99     1.87G   0.03391   0.04196         0   0.07586        31       416    0.4546    0.6497    0.5756    0.2115   0.05551   0.03347         0
     99/99     1.87G   0.03498   0.04174         0   0.07672        25       416    0.4536    0.6893    0.6172    0.2264   0.05432   0.03314         0
